#Pos (steps),	Merit (a. u.)
-3932.0000	40.7357
-3942.0000	39.7156
-3952.0000	39.6297
-3962.0000	40.3549
-3972.0000	40.9142
-3982.0000	43.2179
-3992.0000	46.5795
-4002.0000	48.8473
-4012.0000	53.5819
-4022.0000	56.8982
-4032.0000	59.6586
-4042.0000	61.1294
-4052.0000	62.1112
-4062.0000	60.6069
-4072.0000	56.7690
-4082.0000	53.9003
-4092.0000	50.3663
-4102.0000	46.8600
-4112.0000	44.2877
-4122.0000	41.2660
-4132.0000	40.3439
-4142.0000	39.7568
-4152.0000	38.2260
-4162.0000	37.3607
-4152.0000	37.2642
-4142.0000	36.9262
-4132.0000	36.9962
-4122.0000	36.5193
-4112.0000	36.4576
-4102.0000	37.7136
-4092.0000	38.3985
-4082.0000	39.6019
-4072.0000	41.5048
-4062.0000	43.8527
-4052.0000	46.7948
-4042.0000	49.7741
-4032.0000	53.0762
-4022.0000	56.5921
-4012.0000	60.4939
-4002.0000	62.9596
-3992.0000	63.5197
-3982.0000	61.2146
-3972.0000	57.4166
-3962.0000	53.4470
-3952.0000	48.6447
-3942.0000	44.6957
-3932.0000	42.0926
-3922.0000	40.5469
-3912.0000	39.7390
-3902.0000	39.2824
-3912.0000	38.6956
-3922.0000	38.1264
-3932.0000	37.4909
-3942.0000	37.8471
-3952.0000	38.1534
-3962.0000	38.8691
-3972.0000	40.8885
-3982.0000	42.7700
-3992.0000	45.8438
-4002.0000	51.1223
-4012.0000	55.0205
-4022.0000	59.3319
-4032.0000	60.9586
-4042.0000	63.1951
-4052.0000	62.1820
-4062.0000	59.2775
-4072.0000	56.8564
-4082.0000	52.4403
-4092.0000	49.3876
-4102.0000	46.0825
-4112.0000	43.6633
-4122.0000	41.8194
-4132.0000	39.9485
-4142.0000	38.5106
-4132.0000	39.1108
-4122.0000	38.4966
-4112.0000	37.3526
-4102.0000	38.1949
-4092.0000	39.0301
-4082.0000	39.2977
-4072.0000	41.3537
-4062.0000	44.0208
-4052.0000	47.2833
-4042.0000	48.6365
-4032.0000	53.8285
-4022.0000	57.2727
-4012.0000	59.8094
-4002.0000	62.6885
-3992.0000	62.4467
-3982.0000	61.5550
-3972.0000	57.1524
-3962.0000	51.8409
-3952.0000	47.0748
-3942.0000	45.0457
-3932.0000	42.2781
-3922.0000	40.9440
-3912.0000	39.8037
-3922.0000	39.2015
-3932.0000	38.6566
-3942.0000	38.3623
-3952.0000	38.5089
-3962.0000	39.3852
-3972.0000	40.0146
-3982.0000	41.8475
-3992.0000	45.5698
-4002.0000	50.0795
-4012.0000	54.8628
-4022.0000	59.1183
-4032.0000	63.1972
-4042.0000	62.9621
-4052.0000	62.4233
-4062.0000	59.5037
-4072.0000	55.9090
-4082.0000	52.3692
-4092.0000	48.9949
-4102.0000	45.3702
-4112.0000	43.8370
-4122.0000	42.2133
-4132.0000	39.6562
-4142.0000	39.0223
-4132.0000	38.2426
-4122.0000	37.8867
-4112.0000	37.5274
-4102.0000	36.8470
-4092.0000	38.5370
